Number
447781561003
447781561004
447781561005
447781561006
447781561007
447781561008
447781561009
447781561010
447781561011
447781561012
447781561013
447781561014
447781561015
447781561016
447781561017
447781561018
447781561019
447781561020
447781561021
447781561022
447781561023
447781561024
447781561025
447781561026
447781561027
447781561028
447781561029
447781561030
447781561031
447781561032
447781561033
447781561034
447781561035
447781561036
447781561037
447781561038
447781561039
447781561040
447781561041
447781561042
447781561043
447781561044
447781561045
447781561046
447781561047
447781561048
447781561049
447781561050
447781561051
447781561052
447781561053
447781561054
447781561055
447781561056
447781561057
447781561058
447781561059
447781561060
447781561061
447781561062
447781561063
447781561064
447781561065
447781561066
447781561067
447781561068
447781561069
447781561070
447781561071
447781561072
447781561073
447781561074
447781561075
447781561076
447781561077
447781561078
447781561079
447781561080
447781561081
447781561082
447781561083
447781561084
447781561085
447781561086
447781561087
447781561088
447781561089
447781561090
447781561091
447781561092
447781561093
447781561094
447781561095
447781561096
447781561097
447781561098
447781561099
447781561100
447781561101
447781561102
447781561103
447781561104
447781561105
447781561106
447781561107
447781561108
447781561109
447781561110
447781561111
447781561112
447781561113
447781561114
447781561115
447781561116
447781561117
447781561118
447781561119
447781561120
447781561121
447781561122
447781561123
447781561124
447781561125
447781561126
447781561127
447781561128
447781561129
447781561130
447781561131
447781561132
447781561133
447781561134
447781561135
447781561136
447781561137
447781561138
447781561139
447781561140
447781561141
447781561142
447781561143
447781561144
447781561145
447781561146
447781561147
447781561148
447781561149
447781561150
447781561151
447781561152
447781561153
447781561154
447781561155
447781561156
447781561157
447781561158
447781561159
447781561160
447781561161
447781561162
447781561163
447781561164
447781561165
447781561166
447781561167
447781561168
447781561169
447781561170
447781561171
447781561172
447781561173
447781561174
447781561175
447781561176
447781561177
447781561178
447781561179
447781561180
447781561181
447781561182
447781561183
447781561184
447781561185
447781561186
447781561187
447781561188
447781561189
447781561190
447781561191
447781561192
447781561193
447781561194
447781561195
447781561196
447781561197
447781561198
447781561199
447781561200
447781561201
447781561202
447781561203
447781561204
447781561205
447781561206
447781561207
447781561208
447781561209
447781561210
447781561211
447781561212
447781561213
447781561214
447781561215
447781561216
447781561217
447781561218
447781561219
447781561220
447781561221
447781561222
447781561223
447781561224
447781561225
447781561226
447781561227
447781561228
447781561229
447781561230
447781561231
447781561232
447781561233
447781561234
447781561235
447781561236
447781561237
447781561238
447781561239
447781561240
447781561241
447781561242
447781561243
447781561244
447781561245
447781561246
447781561247
447781561248
447781561249
447781561250
447781561251
447781561252
447781561253
447781561254
447781561255
447781561256
447781561257
447781561258
447781561259
447781561260
447781561261
447781561262
447781561263
447781561264
447781561265
447781561266
447781561267
447781561268
447781561269
447781561270
447781561271
447781561272
447781561273
447781561274
447781561275
447781561276
447781561277
447781561278
447781561279
447781561280
447781561281
447781561282
447781561283
447781561284
447781561285
447781561286
447781561287
447781561288
447781561289
447781561290
447781561291
447781561292
447781561293
447781561294
447781561295
447781561296
447781561297
447781561298
447781561299
447781561300
447781561301
447781561302
447781561303
447781561304
447781561305
447781561306
447781561307
447781561308
447781561309
447781561310
447781561311
447781561312
447781561313
447781561314
447781561315
447781561316
447781561317
447781561318
447781561319
447781561320
447781561321
447781561322
447781561323
447781561324
447781561325
447781561326
447781561327
447781561328
447781561329
447781561330
447781561331
447781561332
447781561333
447781561334
447781561335
447781561336
447781561337
447781561338
447781561339
447781561340
447781561341
447781561342
447781561343
447781561344
447781561345
447781561346
447781561347
447781561348
447781561349
447781561350
447781561351
447781561352
447781561353
447781561354
447781561355
447781561356
447781561357
447781561358
447781561359
447781561360
447781561361
447781561362
447781561363
447781561364
447781561365
447781561366
447781561367
447781561368
447781561369
447781561370
447781561371
447781561372
447781561373
447781561374
447781561375
447781561376
447781561377
447781561378
447781561379
447781561380
447781561381
447781561382
447781561383
447781561384
447781561385
447781561386
447781561387
447781561388
447781561389
447781561390
447781561391
447781561392
447781561393
447781561394
447781561395
447781561396
447781561397
447781561398
447781561399
447781561400
447781561401
447781561402
447781561403
447781561404
447781561405
447781561406
447781561407
447781561408
447781561409
447781561410
447781561411
447781561412
447781561413
447781561414
447781561415
447781561416
447781561417
447781561418
447781561419
447781561420
447781561421
447781561422
447781561423
447781561424
447781561425
447781561426
447781561427
447781561428
447781561429
447781561430
447781561431
447781561432
447781561433
447781561434
447781561435
447781561436
447781561437
447781561438
447781561439
447781561440
447781561441
447781561442
447781561443
447781561444
447781561445
447781561446
447781561447
447781561448
447781561449
447781561450
447781561451
447781561452
447781561453
447781561454
447781561455
447781561456
447781561457
447781561458
447781561459
447781561460
447781561461
447781561462
447781561463
447781561464
447781561465
447781561466
447781561467
447781561468
447781561469
447781561470
447781561471
447781561472
447781561473
447781561474
447781561475
447781561476
447781561477
447781561478
447781561479
447781561480
447781561481
447781561482
447781561483
447781561484
447781561485
447781561486
447781561487
447781561488
447781561489
447781561490
447781561491
447781561492
447781561493
447781561494
447781561495
447781561496
447781561497
447781561498
447781561499
447781561500
447781561501
447781561502
447781561503
447781561504
447781561505
447781561506
447781561507
447781561508
447781561509
447781561510
447781561511
447781561512
447781561513
447781561514
447781561515
447781561516
447781561517
447781561518
447781561519
447781561520
447781561521
447781561522
447781561523
447781561524
447781561525
447781561526
447781561527
447781561528
447781561529
447781561530
447781561531
447781561532
447781561533
447781561534
447781561535
447781561536
447781561537
447781561538
447781561539
447781561540
447781561541
447781561542
447781561543
447781561544
447781561545
447781561546
447781561547
447781561548
447781561549
447781561550
447781561551
447781561552
447781561553
447781561554
447781561555
447781561556
447781561557
447781561558
447781561559
447781561560
447781561561
447781561562
447781561563
447781561564
447781561565
447781561566
447781561567
447781561568
447781561569
447781561570
447781561571
447781561572
447781561573
447781561574
447781561575
447781561576
447781561577
447781561578
447781561579
447781561580
447781561581
447781561582
447781561583
447781561584
447781561585
447781561586
447781561587
447781561588
447781561589
447781561590
447781561591
447781561592
447781561593
447781561594
447781561595
447781561596
447781561597
447781561598
447781561599
447781561600
447781561601
447781561602
447781561603
447781561604
447781561605
447781561606
447781561607
447781561608
447781561609
447781561610
447781561611
447781561612
447781561613
447781561614
447781561615
447781561616
447781561617
447781561618
447781561619
447781561620
447781561621
447781561622
447781561623
447781561624
447781561625
447781561626
447781561627
447781561628
447781561629
447781561630
447781561631
447781561632
447781561633
447781561634
447781561635
447781561636
447781561637
447781561638
447781561639
447781561640
447781561641
447781561642
447781561643
447781561644
447781561645
447781561646
447781561647
447781561648
447781561649
447781561650
447781561651
447781561652
447781561653
447781561654
447781561655
447781561656
447781561657
447781561658
447781561659
447781561660
447781561661
447781561662
447781561663
447781561664
447781561665
447781561666
447781561667
447781561668
447781561669
447781561670
447781561671
447781561672
447781561673
447781561674
447781561675
447781561676
447781561677
447781561678
447781561679
447781561680
447781561681
447781561682
447781561683
447781561684
447781561685
447781561686
447781561687
447781561688
447781561689
447781561690
447781561691
447781561692
447781561693
447781561694
447781561695
447781561696
447781561697
447781561698
447781561699
447781561700
447781561701
447781561702
447781561703
447781561704
447781561705
447781561706
447781561707
447781561708
447781561709
447781561710
447781561711
447781561712
447781561713
447781561714
447781561715
447781561716
447781561717
447781561718
447781561719
447781561720
447781561721
447781561722
447781561723
447781561724
447781561725
447781561726
447781561727
447781561728
447781561729
447781561730
447781561731
447781561732
447781561733
447781561734
447781561735
447781561736
447781561737
447781561738
447781561739
447781561740
447781561741
447781561742
447781561743
447781561744
447781561745
447781561746
447781561747
447781561748
447781561749
447781561750
447781561751
447781561752
447781561753
447781561754
447781561755
447781561756
447781561757
447781561758
447781561759
447781561760
447781561761
447781561762
447781561763
447781561764
447781561765
447781561766
447781561767
447781561768
447781561769
447781561770
447781561771
447781561772
447781561773
447781561774
447781561775
447781561776
447781561777
447781561778
447781561779
447781561780
447781561781
447781561782
447781561783
447781561784
447781561785
447781561786
447781561787
447781561788
447781561789
447781561790
447781561791
447781561792
447781561793
447781561794
447781561795
447781561796
447781561797
447781561798
447781561799
447781561800
447781561801
447781561802
447781561803
447781561804
447781561805
447781561806
447781561807
447781561808
447781561809
447781561810
447781561811
447781561812
447781561813
447781561814
447781561815
447781561816
447781561817
447781561818
447781561819
447781561820
447781561821
447781561822
447781561823
447781561824
447781561825
447781561826
447781561827
447781561828
447781561829
447781561830
447781561831
447781561832
447781561833
447781561834
447781561835
447781561836
447781561837
447781561838
447781561839
447781561840
447781561841
447781561842
447781561843
447781561844
447781561845
447781561846
447781561847
447781561848
447781561849
447781561850
447781561851
447781561852
447781561853
447781561854
447781561855
447781561856
447781561857
447781561858
447781561859
447781561860
447781561861
447781561862
447781561863
447781561864
447781561865
447781561866
447781561867
447781561868
447781561869
447781561870
447781561871
447781561872
447781561873
447781561874
447781561875
447781561876
447781561877
447781561878
447781561879
447781561880
447781561881
447781561882
447781561883
447781561884
447781561885
447781561886
447781561887
447781561888
447781561889
447781561890
447781561891
447781561892
447781561893
447781561894
447781561895
447781561896
447781561897
447781561898
447781561899
447781561900
447781561901
447781561902
447781561903
447781561904
447781561905
447781561906
447781561907
447781561908
447781561909
447781561910
447781561911
447781561912
447781561913
447781561914
447781561915
447781561916
447781561917
447781561918
447781561919
447781561920
447781561921
447781561922
447781561923
447781561924
447781561925
447781561926
447781561927
447781561928
447781561929
447781561930
447781561931
447781561932
447781561933
447781561934
447781561935
447781561936
447781561937
447781561938
447781561939
447781561940
447781561941
447781561942
447781561943
447781561944
447781561945
447781561946
447781561947
447781561948
447781561949
447781561950
447781561951
447781561952
447781561953
447781561954
447781561955
447781561956
447781561957
447781561958
447781561959
447781561960
447781561961
447781561962
447781561963
447781561964
447781561965
447781561966
447781561967
447781561968
447781561969
447781561970
447781561971
447781561972
447781561973
447781561974
447781561975
447781561976
447781561977
447781561978
447781561979
447781561980
447781561981
447781561982
447781561983
447781561984
447781561985
447781561986
447781561987
447781561988
447781561989
447781561990
447781561991
447781561992
447781561993
447781561994
447781561995
447781561996
447781561997
447781561998
447781561999
447781561001
447781561002
