Number
447781562450
447781562451
447781562452
447781562453
447781562454
447781562455
447781562456
447781562457
447781562458
447781562459
447781562460
447781562461
447781562462
447781562463
447781562464
447781562465
447781562466
447781562467
447781562468
447781562469
447781562470
447781562471
447781562472
447781562473
447781562474
447781562475
447781562476
447781562477
447781562478
447781562479
447781562480
447781562481
447781562482
447781562483
447781562484
447781562485
447781562486
447781562487
447781562488
447781562489
447781562490
447781562491
447781562492
447781562493
447781562494
447781562495
447781562496
447781562497
447781562498
447781562499
447781562000
447781562001
447781562002
447781562003
447781562004
447781562005
447781562006
447781562007
447781562008
447781562009
447781562010
447781562011
447781562012
447781562013
447781562014
447781562015
447781562016
447781562017
447781562018
447781562019
447781562020
447781562021
447781562022
447781562023
447781562024
447781562025
447781562026
447781562027
447781562028
447781562029
447781562030
447781562031
447781562032
447781562033
447781562034
447781562035
447781562036
447781562037
447781562038
447781562039
447781562040
447781562041
447781562042
447781562043
447781562044
447781562045
447781562046
447781562047
447781562048
447781562049
447781562050
447781562051
447781562052
447781562053
447781562054
447781562055
447781562056
447781562057
447781562058
447781562059
447781562060
447781562061
447781562062
447781562063
447781562064
447781562065
447781562066
447781562067
447781562068
447781562069
447781562070
447781562071
447781562072
447781562073
447781562074
447781562075
447781562076
447781562077
447781562078
447781562079
447781562080
447781562081
447781562082
447781562083
447781562084
447781562085
447781562086
447781562087
447781562088
447781562089
447781562090
447781562091
447781562092
447781562093
447781562094
447781562095
447781562096
447781562097
447781562098
447781562099
447781562100
447781562101
447781562102
447781562103
447781562104
447781562105
447781562106
447781562107
447781562108
447781562109
447781562110
447781562111
447781562112
447781562113
447781562114
447781562115
447781562116
447781562117
447781562118
447781562119
447781562120
447781562121
447781562122
447781562123
447781562124
447781562125
447781562126
447781562127
447781562128
447781562129
447781562130
447781562131
447781562132
447781562133
447781562134
447781562135
447781562136
447781562137
447781562138
447781562139
447781562140
447781562141
447781562142
447781562143
447781562144
447781562145
447781562146
447781562147
447781562148
447781562149
447781562150
447781562151
447781562152
447781562153
447781562154
447781562155
447781562156
447781562157
447781562158
447781562159
447781562160
447781562161
447781562162
447781562163
447781562164
447781562165
447781562166
447781562167
447781562168
447781562169
447781562170
447781562171
447781562172
447781562173
447781562174
447781562175
447781562176
447781562177
447781562178
447781562179
447781562180
447781562181
447781562182
447781562183
447781562184
447781562185
447781562186
447781562187
447781562188
447781562189
447781562190
447781562191
447781562192
447781562193
447781562194
447781562195
447781562196
447781562197
447781562198
447781562199
447781562200
447781562201
447781562202
447781562203
447781562204
447781562205
447781562206
447781562207
447781562208
447781562209
447781562210
447781562211
447781562212
447781562213
447781562214
447781562215
447781562216
447781562217
447781562218
447781562219
447781562220
447781562221
447781562222
447781562223
447781562224
447781562225
447781562226
447781562227
447781562228
447781562229
447781562230
447781562231
447781562232
447781562233
447781562234
447781562235
447781562236
447781562237
447781562238
447781562239
447781562240
447781562241
447781562242
447781562243
447781562244
447781562245
447781562246
447781562247
447781562248
447781562249
447781562250
447781562251
447781562252
447781562253
447781562254
447781562255
447781562256
447781562257
447781562258
447781562259
447781562260
447781562261
447781562262
447781562263
447781562264
447781562265
447781562266
447781562267
447781562268
447781562269
447781562270
447781562271
447781562272
447781562273
447781562274
447781562275
447781562276
447781562277
447781562278
447781562279
447781562280
447781562281
447781562282
447781562283
447781562284
447781562285
447781562286
447781562287
447781562288
447781562289
447781562290
447781562291
447781562292
447781562293
447781562294
447781562295
447781562296
447781562297
447781562298
447781562299
447781562300
447781562301
447781562302
447781562303
447781562304
447781562305
447781562306
447781562307
447781562308
447781562309
447781562310
447781562311
447781562312
447781562313
447781562314
447781562315
447781562316
447781562317
447781562318
447781562319
447781562320
447781562321
447781562322
447781562323
447781562324
447781562325
447781562326
447781562327
447781562328
447781562329
447781562330
447781562331
447781562332
447781562333
447781562334
447781562335
447781562336
447781562337
447781562338
447781562339
447781562340
447781562341
447781562342
447781562343
447781562344
447781562345
447781562346
447781562347
447781562348
447781562349
447781562350
447781562351
447781562352
447781562353
447781562354
447781562355
447781562356
447781562357
447781562358
447781562359
447781562360
447781562361
447781562362
447781562363
447781562364
447781562365
447781562366
447781562367
447781562368
447781562369
447781562370
447781562371
447781562372
447781562373
447781562374
447781562375
447781562376
447781562377
447781562378
447781562379
447781562380
447781562381
447781562382
447781562383
447781562384
447781562385
447781562386
447781562387
447781562388
447781562389
447781562390
447781562391
447781562392
447781562393
447781562394
447781562395
447781562396
447781562397
447781562398
447781562399
447781562400
447781562401
447781562402
447781562403
447781562404
447781562405
447781562406
447781562407
447781562408
447781562409
447781562410
447781562411
447781562412
447781562413
447781562414
447781562415
447781562416
447781562417
447781562418
447781562419
447781562420
447781562421
447781562422
447781562423
447781562424
447781562425
447781562426
447781562427
447781562428
447781562429
447781562430
447781562431
447781562432
447781562433
447781562434
447781562435
447781562436
447781562437
447781562438
447781562439
447781562440
447781562441
447781562442
447781562443
447781562444
447781562445
447781562446
447781562447
447781562448
447781562449
447781562500
447781562501
447781562502
447781562503
447781562504
447781562505
447781562506
447781562507
447781562508
447781562509
447781562510
447781562511
447781562512
447781562513
447781562514
447781562515
447781562516
447781562517
447781562518
447781562519
447781562520
447781562521
447781562522
447781562523
447781562524
447781562525
447781562526
447781562527
447781562528
447781562529
447781562530
447781562531
447781562532
447781562533
447781562534
447781562535
447781562536
447781562537
447781562538
447781562539
447781562540
447781562541
447781562542
447781562543
447781562544
447781562545
447781562546
447781562547
447781562548
447781562549
447781562550
447781562551
447781562552
447781562553
447781562554
447781562555
447781562556
447781562557
447781562558
447781562559
447781562560
447781562561
447781562562
447781562563
447781562564
447781562565
447781562566
447781562567
447781562568
447781562569
447781562570
447781562571
447781562572
447781562573
447781562574
447781562575
447781562576
447781562577
447781562578
447781562579
447781562580
447781562581
447781562582
447781562583
447781562584
447781562585
447781562586
447781562587
447781562588
447781562589
447781562590
447781562591
447781562592
447781562593
447781562594
447781562595
447781562596
447781562597
447781562598
447781562599
447781562600
447781562601
447781562602
447781562603
447781562604
447781562605
447781562606
447781562607
447781562608
447781562609
447781562610
447781562611
447781562612
447781562613
447781562614
447781562615
447781562616
447781562617
447781562618
447781562619
447781562620
447781562621
447781562622
447781562623
447781562624
447781562625
447781562626
447781562627
447781562628
447781562629
447781562630
447781562631
447781562632
447781562633
447781562634
447781562635
447781562636
447781562637
447781562638
447781562639
447781562640
447781562641
447781562642
447781562643
447781562644
447781562645
447781562646
447781562647
447781562648
447781562649
447781562650
447781562651
447781562652
447781562653
447781562654
447781562655
447781562656
447781562657
447781562658
447781562659
447781562660
447781562661
447781562662
447781562663
447781562664
447781562665
447781562666
447781562667
447781562668
447781562669
447781562670
447781562671
447781562672
447781562673
447781562674
447781562675
447781562676
447781562677
447781562678
447781562679
447781562680
447781562681
447781562682
447781562683
447781562684
447781562685
447781562686
447781562687
447781562688
447781562689
447781562690
447781562691
447781562692
447781562693
447781562694
447781562695
447781562696
447781562697
447781562698
447781562699
447781562700
447781562701
447781562702
447781562703
447781562704
447781562705
447781562706
447781562707
447781562708
447781562709
447781562710
447781562711
447781562712
447781562713
447781562714
447781562715
447781562716
447781562717
447781562718
447781562719
447781562720
447781562721
447781562722
447781562723
447781562724
447781562725
447781562726
447781562727
447781562728
447781562729
447781562730
447781562731
447781562732
447781562733
447781562734
447781562735
447781562736
447781562737
447781562738
447781562739
447781562740
447781562741
447781562742
447781562743
447781562744
447781562745
447781562746
447781562747
447781562748
447781562749
447781562750
447781562751
447781562752
447781562753
447781562754
447781562755
447781562756
447781562757
447781562758
447781562759
447781562760
447781562761
447781562762
447781562763
447781562764
447781562765
447781562766
447781562767
447781562768
447781562769
447781562770
447781562771
447781562772
447781562773
447781562774
447781562775
447781562776
447781562777
447781562778
447781562779
447781562780
447781562781
447781562782
447781562783
447781562784
447781562785
447781562786
447781562787
447781562788
447781562789
447781562790
447781562791
447781562792
447781562793
447781562794
447781562795
447781562796
447781562797
447781562798
447781562799
447781562800
447781562801
447781562802
447781562803
447781562804
447781562805
447781562806
447781562807
447781562808
447781562809
447781562810
447781562811
447781562812
447781562813
447781562814
447781562815
447781562816
447781562817
447781562818
447781562819
447781562820
447781562821
447781562822
447781562823
447781562824
447781562825
447781562826
447781562827
447781562828
447781562829
447781562830
447781562831
447781562832
447781562833
447781562834
447781562835
447781562836
447781562837
447781562838
447781562839
447781562840
447781562841
447781562842
447781562843
447781562844
447781562845
447781562846
447781562847
447781562848
447781562849
447781562850
447781562851
447781562852
447781562853
447781562854
447781562855
447781562856
447781562857
447781562858
447781562859
447781562860
447781562861
447781562862
447781562863
447781562864
447781562865
447781562866
447781562867
447781562868
447781562869
447781562870
447781562871
447781562872
447781562873
447781562874
447781562875
447781562876
447781562877
447781562878
447781562879
447781562880
447781562881
447781562882
447781562883
447781562884
447781562885
447781562886
447781562887
447781562888
447781562889
447781562890
447781562891
447781562892
447781562893
447781562894
447781562895
447781562896
447781562897
447781562898
447781562899
447781562900
447781562901
447781562902
447781562903
447781562904
447781562905
447781562906
447781562907
447781562908
447781562909
447781562910
447781562911
447781562912
447781562913
447781562914
447781562915
447781562916
447781562917
447781562918
447781562919
447781562920
447781562921
447781562922
447781562923
447781562924
447781562925
447781562926
447781562927
447781562928
447781562929
447781562930
447781562931
447781562932
447781562933
447781562934
447781562935
447781562936
447781562937
447781562938
447781562939
447781562940
447781562941
447781562942
447781562943
447781562944
447781562945
447781562946
447781562947
447781562948
447781562949
447781562950
447781562951
447781562952
447781562953
447781562954
447781562955
447781562956
447781562957
447781562958
447781562959
447781562960
447781562961
447781562962
447781562963
447781562964
447781562965
447781562966
447781562967
447781562968
447781562969
447781562970
447781562971
447781562972
447781562973
447781562974
447781562975
447781562976
447781562977
447781562978
447781562979
447781562980
447781562981
447781562982
447781562983
447781562984
447781562985
447781562986
447781562987
447781562988
447781562989
447781562990
447781562991
447781562992
447781562993
447781562994
447781562995
447781562996
447781562997
447781562998
447781562999
