44287130129
447406563325
447406563735
447406569668
447406570272
447406581570
447406583349
447406584844
447406585666
447406596602
447406597166
447406824829
447406829160
447406864082
447406888524
447406889136
447417211746
447417234062
447417236974
447417273376
447417922239
447417935926
447417942045
447417944125
447417953343
447417956110
447417959897
447417964129
447417975151
447417987913
447441890416
447559052208
447559086328
447559090437
447559146584
447559149170
447559150772
447559152160
447559153938
447559154824
447559165670
447559166181
447559173228
447559180821
447559519759
447559560804
447559572282
447559578707
447559579952
447559723749
447559737907
447559738006
447559762347
447559763037
447559768255
447571848407
447571850557
447571852211
447571866332
447571874862
447571880421
447571880737
447571885901
447571887335
447571890306
447571896580
447571897417
447571897795
447571898180
447571898891
447640019906
447640025642
447640058621
447640082948
447640096613
447640144880
447640145612
447640150490
447640166558
447640167466
447640168076
447640170954
447640175532
447640177602
447640180411
447640187929
447640196375
447677819090
447677819551
447677825578
447677833114
447677870273
447677872215
447677878774
447677880562
447677881054
447677882064
447677888850
447677891233
447677892769
447406521245
447406523093
447406524310
447406524666
447406528785
447406529536
447406530150
447406531342
447406533186
447406533921
447406534314
447406536163
447406537402
447406537779
447406538631
447406540193
447406542687
447406543065
447406544525
447406548104
447406548211
447406552376
447559102753
447559102754
447559104010
447559105111
447559106755
447559110125
447559112645
447559114217
447559115240
447559115899
447559115969
447559116580
447559118213
447559120510
447559122800
447559123499
447559123852
447559130867
447559141347
447559141588
447559141870
447559502795
447559506202
447559508022
447559513774
447559514896
447559520635
447559524963
447559528851
447559529773
447559539559
447559540435
447559541132
447559541196
447559542271
447559542894
447559543280
447559544900
447559549727
447559550615
447559551164
447571802704
447571803826
447571808334
447571811253
447571814413
447571825109
447571826655
447571829453
447571832140
447571834657
447571835443
447571836324
447571837984
447571840694
447571843993
447571844130
447571846443
447571846547
447640122122
447640125503
447640125851
447640126561
447640128356
447640131605
447640133294
447640137584
447640139577
447640140583
447640140763
447640143498
447640143758
447640146423
447640148120
447640148832
447640154036
447640156215
447640158723